[gd_scene load_steps=7 format=2]

[ext_resource path="res://assets/Hero.tscn" type="PackedScene" id=1]
[ext_resource path="res://scripts/Hero.gd" type="Script" id=2]

[sub_resource type="BoxShape" id=1]

[sub_resource type="CubeMesh" id=2]

[sub_resource type="CubeMesh" id=3]
size = Vector3( 15, 1, 15 )

[sub_resource type="BoxShape" id=4]
extents = Vector3( 7.5, 0.5, 7.5 )

[node name="Level" type="Spatial"]

[node name="Camera" type="Camera" parent="."]
transform = Transform( 0.978325, -0.0475321, 0.201546, -0.0184438, 0.949429, 0.313439, -0.206252, -0.310362, 0.927974, -0.00502658, 5.68822, 11.5299 )

[node name="Box1" type="RigidBody" parent="."]
transform = Transform( -0.682482, -0.690723, -0.239, 0.663429, -0.4482, -0.599148, 0.306726, -0.567467, 0.764134, 0, 6.27821, 0 )

[node name="CollisionShape" type="CollisionShape" parent="Box1"]
transform = Transform( -0.879715, 0.475501, 0, -0.475501, -0.879715, 0, 0, 0, 1, 0, 0, 0 )
shape = SubResource( 1 )

[node name="MeshInstance" type="MeshInstance" parent="Box1"]
transform = Transform( 0.867748, -0.497004, 0, 0.497004, 0.867748, 0, 0, 0, 1, -0.0117673, -0.00636042, 0.0312095 )
mesh = SubResource( 2 )
material/0 = null

[node name="Floor" type="StaticBody" parent="."]
transform = Transform( 1, 0, 0, 0, 1, 0, 0, 0, 1, 0, -1, 0 )

[node name="MeshInstance" type="MeshInstance" parent="Floor"]
mesh = SubResource( 3 )
material/0 = null

[node name="CollisionShape" type="CollisionShape" parent="Floor"]
shape = SubResource( 4 )

[node name="Hero" parent="." instance=ExtResource( 1 )]
transform = Transform( 1, 0, 0, 0, 1, 0, 0, 0, 1, -0.163841, 0.645208, 0 )
script = ExtResource( 2 )
